======================圆形拟合======================
                  测绘实用软件设计                  

=====================已知点坐标=====================
点号            X坐标            Y坐标
0           7951.6           6498.6
1           8021.4           6695.4
2           8232.0           6868.6
3           8508.4           6887.3
4           8634.0           6834.6
5           8801.4           6652.5
6           8849.1           6447.0
7           8819.2           6289.7
8           8632.0           6065.8
9           8379.4           6001.2
10           8224.9           6035.9
11           7997.0           6248.7
====================================================
=====================拟合计算=======================

近似值估算：
圆心横坐标近似值  a0 = 8400.5
圆心纵坐标近似值  b0 = 6444
圆形半径近似值  r0 = 445.75

间接平差矩阵：

B矩阵                                                      l矩阵 
0.992684066842779   -0.120740810981546    -1               6.4583258853155
0.833400660577551   -0.552669285331564    -1               9.1332487573049
0.368860530297123   -0.929484754683435    -1               11.062226193652
-0.236496992183505   -0.971632220898502    -1               10.4925889809061
-0.513105513377843   -0.85832553972328    -1               9.32209318963987
-0.88718781321247   -0.46140847856024    -1               6.12726209668892
-0.999977639608221   -0.0066873226010358    -1               2.8600310960515
-0.938312504169239   0.345788438961819    -1               0.476601627469847
-0.522070168111429   0.852902538141436    -1               -2.3230161571131
0.0475973021436447   0.998866606123484    -1               -2.44756373329034
0.395249994089998   0.918573591048565    -1               -1.47421853087644
0.900108460890558   0.43566587958346    -1               2.52931025199018

X坐标改正数               Y坐标改正数                半径改正数
-1.41910140005209        6.79488368425434          4.21983989153857

X坐标                    Y坐标                     半径
8399.08089859995        6450.79488368425          449.969839891539

=====================精度评定=======================
平差值协方差矩阵(a b r)

0.166320745655998    -0.00502642651706679     -0.00760498578851988
-0.00502642651706679    0.168335922520469     -0.0046636407503827
-0.00760498578851988    -0.0046636407503827     0.0838234501571724

平差结果精度：
X坐标                    Y坐标                     半径
0.166320745655998        0.168335922520469          0.0838234501571724

单位权中误差
10.6499482601681
